Time: 0. Waiting clients:(5,2,6);(29,3,4);(43,3,6);(7,4,3);(17,4,2);(23,4,6);(15,5,1);(28,8,6);(35,8,5);(11,9,3);(21,10,6);(4,11,1);(46,11,4);(14,14,1);(39,15,4);(20,17,5);(8,18,6);(34,19,6);(22,20,6);(33,20,1);(2,23,4);(25,23,2);(41,23,2);(18,24,3);(47,24,5);(36,25,4);(38,25,5);(16,26,1);(40,26,5);(9,27,4);(1,28,3);(13,28,4);(31,29,1);(42,29,3);(49,29,6);(6,30,4);(19,30,2);(37,30,2);(26,31,6);(0,32,6);(24,32,6);(10,33,2);(30,33,1);(3,34,6);(12,34,2);(32,35,3);(45,35,3);(44,37,4);(48,37,4);(27,39,6);
 Queue 1: closed; Queue 2: closed; Queue 3: closed; Queue 4: closed; Queue 5: closed;


Time: 1. Waiting clients:(5,2,6);(29,3,4);(43,3,6);(7,4,3);(17,4,2);(23,4,6);(15,5,1);(28,8,6);(35,8,5);(11,9,3);(21,10,6);(4,11,1);(46,11,4);(14,14,1);(39,15,4);(20,17,5);(8,18,6);(34,19,6);(22,20,6);(33,20,1);(2,23,4);(25,23,2);(41,23,2);(18,24,3);(47,24,5);(36,25,4);(38,25,5);(16,26,1);(40,26,5);(9,27,4);(1,28,3);(13,28,4);(31,29,1);(42,29,3);(49,29,6);(6,30,4);(19,30,2);(37,30,2);(26,31,6);(0,32,6);(24,32,6);(10,33,2);(30,33,1);(3,34,6);(12,34,2);(32,35,3);(45,35,3);(44,37,4);(48,37,4);(27,39,6);
 Queue 1: closed; Queue 2: closed; Queue 3: closed; Queue 4: closed; Queue 5: closed;


Time: 2. Waiting clients:(29,3,4);(43,3,6);(7,4,3);(17,4,2);(23,4,6);(15,5,1);(28,8,6);(35,8,5);(11,9,3);(21,10,6);(4,11,1);(46,11,4);(14,14,1);(39,15,4);(20,17,5);(8,18,6);(34,19,6);(22,20,6);(33,20,1);(2,23,4);(25,23,2);(41,23,2);(18,24,3);(47,24,5);(36,25,4);(38,25,5);(16,26,1);(40,26,5);(9,27,4);(1,28,3);(13,28,4);(31,29,1);(42,29,3);(49,29,6);(6,30,4);(19,30,2);(37,30,2);(26,31,6);(0,32,6);(24,32,6);(10,33,2);(30,33,1);(3,34,6);(12,34,2);(32,35,3);(45,35,3);(44,37,4);(48,37,4);(27,39,6);
 Queue 1: [(5,2,6)]; Queue 2: closed; Queue 3: closed; Queue 4: closed; Queue 5: closed;


Time: 3. Waiting clients:(7,4,3);(17,4,2);(23,4,6);(15,5,1);(28,8,6);(35,8,5);(11,9,3);(21,10,6);(4,11,1);(46,11,4);(14,14,1);(39,15,4);(20,17,5);(8,18,6);(34,19,6);(22,20,6);(33,20,1);(2,23,4);(25,23,2);(41,23,2);(18,24,3);(47,24,5);(36,25,4);(38,25,5);(16,26,1);(40,26,5);(9,27,4);(1,28,3);(13,28,4);(31,29,1);(42,29,3);(49,29,6);(6,30,4);(19,30,2);(37,30,2);(26,31,6);(0,32,6);(24,32,6);(10,33,2);(30,33,1);(3,34,6);(12,34,2);(32,35,3);(45,35,3);(44,37,4);(48,37,4);(27,39,6);
 Queue 1: [(5,2,5)]; Queue 2: [(29,3,4)]; Queue 3: [(43,3,6)]; Queue 4: closed; Queue 5: closed;


Time: 4. Waiting clients:(15,5,1);(28,8,6);(35,8,5);(11,9,3);(21,10,6);(4,11,1);(46,11,4);(14,14,1);(39,15,4);(20,17,5);(8,18,6);(34,19,6);(22,20,6);(33,20,1);(2,23,4);(25,23,2);(41,23,2);(18,24,3);(47,24,5);(36,25,4);(38,25,5);(16,26,1);(40,26,5);(9,27,4);(1,28,3);(13,28,4);(31,29,1);(42,29,3);(49,29,6);(6,30,4);(19,30,2);(37,30,2);(26,31,6);(0,32,6);(24,32,6);(10,33,2);(30,33,1);(3,34,6);(12,34,2);(32,35,3);(45,35,3);(44,37,4);(48,37,4);(27,39,6);
 Queue 1: [(5,2,4)]; Queue 2: [(29,3,3)]; Queue 3: [(43,3,6)]; Queue 4: [(7,4,3)]; Queue 5: [(17,4,2), (23,4,6)];


Time: 5. Waiting clients:(28,8,6);(35,8,5);(11,9,3);(21,10,6);(4,11,1);(46,11,4);(14,14,1);(39,15,4);(20,17,5);(8,18,6);(34,19,6);(22,20,6);(33,20,1);(2,23,4);(25,23,2);(41,23,2);(18,24,3);(47,24,5);(36,25,4);(38,25,5);(16,26,1);(40,26,5);(9,27,4);(1,28,3);(13,28,4);(31,29,1);(42,29,3);(49,29,6);(6,30,4);(19,30,2);(37,30,2);(26,31,6);(0,32,6);(24,32,6);(10,33,2);(30,33,1);(3,34,6);(12,34,2);(32,35,3);(45,35,3);(44,37,4);(48,37,4);(27,39,6);
 Queue 1: [(5,2,3)]; Queue 2: [(29,3,2), (15,5,1)]; Queue 3: [(43,3,4)]; Queue 4: [(7,4,2)]; Queue 5: [(17,4,1), (23,4,6)];


Time: 6. Waiting clients:(28,8,6);(35,8,5);(11,9,3);(21,10,6);(4,11,1);(46,11,4);(14,14,1);(39,15,4);(20,17,5);(8,18,6);(34,19,6);(22,20,6);(33,20,1);(2,23,4);(25,23,2);(41,23,2);(18,24,3);(47,24,5);(36,25,4);(38,25,5);(16,26,1);(40,26,5);(9,27,4);(1,28,3);(13,28,4);(31,29,1);(42,29,3);(49,29,6);(6,30,4);(19,30,2);(37,30,2);(26,31,6);(0,32,6);(24,32,6);(10,33,2);(30,33,1);(3,34,6);(12,34,2);(32,35,3);(45,35,3);(44,37,4);(48,37,4);(27,39,6);
 Queue 1: [(5,2,2)]; Queue 2: [(29,3,1), (15,5,1)]; Queue 3: [(43,3,3)]; Queue 4: [(7,4,1)]; Queue 5: [(23,4,6)];


Time: 7. Waiting clients:(28,8,6);(35,8,5);(11,9,3);(21,10,6);(4,11,1);(46,11,4);(14,14,1);(39,15,4);(20,17,5);(8,18,6);(34,19,6);(22,20,6);(33,20,1);(2,23,4);(25,23,2);(41,23,2);(18,24,3);(47,24,5);(36,25,4);(38,25,5);(16,26,1);(40,26,5);(9,27,4);(1,28,3);(13,28,4);(31,29,1);(42,29,3);(49,29,6);(6,30,4);(19,30,2);(37,30,2);(26,31,6);(0,32,6);(24,32,6);(10,33,2);(30,33,1);(3,34,6);(12,34,2);(32,35,3);(45,35,3);(44,37,4);(48,37,4);(27,39,6);
 Queue 1: [(5,2,1)]; Queue 2: [(15,5,1)]; Queue 3: [(43,3,2)]; Queue 4: closed; Queue 5: [(23,4,5)];


Time: 8. Waiting clients:(11,9,3);(21,10,6);(4,11,1);(46,11,4);(14,14,1);(39,15,4);(20,17,5);(8,18,6);(34,19,6);(22,20,6);(33,20,1);(2,23,4);(25,23,2);(41,23,2);(18,24,3);(47,24,5);(36,25,4);(38,25,5);(16,26,1);(40,26,5);(9,27,4);(1,28,3);(13,28,4);(31,29,1);(42,29,3);(49,29,6);(6,30,4);(19,30,2);(37,30,2);(26,31,6);(0,32,6);(24,32,6);(10,33,2);(30,33,1);(3,34,6);(12,34,2);(32,35,3);(45,35,3);(44,37,4);(48,37,4);(27,39,6);
 Queue 1: [(28,8,6)]; Queue 2: [(35,8,5)]; Queue 3: [(43,3,1)]; Queue 4: closed; Queue 5: [(23,4,4)];


Time: 9. Waiting clients:(21,10,6);(4,11,1);(46,11,4);(14,14,1);(39,15,4);(20,17,5);(8,18,6);(34,19,6);(22,20,6);(33,20,1);(2,23,4);(25,23,2);(41,23,2);(18,24,3);(47,24,5);(36,25,4);(38,25,5);(16,26,1);(40,26,5);(9,27,4);(1,28,3);(13,28,4);(31,29,1);(42,29,3);(49,29,6);(6,30,4);(19,30,2);(37,30,2);(26,31,6);(0,32,6);(24,32,6);(10,33,2);(30,33,1);(3,34,6);(12,34,2);(32,35,3);(45,35,3);(44,37,4);(48,37,4);(27,39,6);
 Queue 1: [(28,8,5)]; Queue 2: [(35,8,4)]; Queue 3: [(11,9,3)]; Queue 4: closed; Queue 5: [(23,4,3)];


Time: 10. Waiting clients:(4,11,1);(46,11,4);(14,14,1);(39,15,4);(20,17,5);(8,18,6);(34,19,6);(22,20,6);(33,20,1);(2,23,4);(25,23,2);(41,23,2);(18,24,3);(47,24,5);(36,25,4);(38,25,5);(16,26,1);(40,26,5);(9,27,4);(1,28,3);(13,28,4);(31,29,1);(42,29,3);(49,29,6);(6,30,4);(19,30,2);(37,30,2);(26,31,6);(0,32,6);(24,32,6);(10,33,2);(30,33,1);(3,34,6);(12,34,2);(32,35,3);(45,35,3);(44,37,4);(48,37,4);(27,39,6);
 Queue 1: [(28,8,4)]; Queue 2: [(35,8,3)]; Queue 3: [(11,9,2)]; Queue 4: [(21,10,6)]; Queue 5: [(23,4,2)];


Time: 11. Waiting clients:(14,14,1);(39,15,4);(20,17,5);(8,18,6);(34,19,6);(22,20,6);(33,20,1);(2,23,4);(25,23,2);(41,23,2);(18,24,3);(47,24,5);(36,25,4);(38,25,5);(16,26,1);(40,26,5);(9,27,4);(1,28,3);(13,28,4);(31,29,1);(42,29,3);(49,29,6);(6,30,4);(19,30,2);(37,30,2);(26,31,6);(0,32,6);(24,32,6);(10,33,2);(30,33,1);(3,34,6);(12,34,2);(32,35,3);(45,35,3);(44,37,4);(48,37,4);(27,39,6);
 Queue 1: [(28,8,3)]; Queue 2: [(35,8,2)]; Queue 3: [(11,9,1), (4,11,1)]; Queue 4: [(21,10,5)]; Queue 5: [(23,4,1), (46,11,4)];


Time: 12. Waiting clients:(14,14,1);(39,15,4);(20,17,5);(8,18,6);(34,19,6);(22,20,6);(33,20,1);(2,23,4);(25,23,2);(41,23,2);(18,24,3);(47,24,5);(36,25,4);(38,25,5);(16,26,1);(40,26,5);(9,27,4);(1,28,3);(13,28,4);(31,29,1);(42,29,3);(49,29,6);(6,30,4);(19,30,2);(37,30,2);(26,31,6);(0,32,6);(24,32,6);(10,33,2);(30,33,1);(3,34,6);(12,34,2);(32,35,3);(45,35,3);(44,37,4);(48,37,4);(27,39,6);
 Queue 1: [(28,8,2)]; Queue 2: [(35,8,1)]; Queue 3: [(4,11,1)]; Queue 4: [(21,10,4)]; Queue 5: [(46,11,4)];


Time: 13. Waiting clients:(14,14,1);(39,15,4);(20,17,5);(8,18,6);(34,19,6);(22,20,6);(33,20,1);(2,23,4);(25,23,2);(41,23,2);(18,24,3);(47,24,5);(36,25,4);(38,25,5);(16,26,1);(40,26,5);(9,27,4);(1,28,3);(13,28,4);(31,29,1);(42,29,3);(49,29,6);(6,30,4);(19,30,2);(37,30,2);(26,31,6);(0,32,6);(24,32,6);(10,33,2);(30,33,1);(3,34,6);(12,34,2);(32,35,3);(45,35,3);(44,37,4);(48,37,4);(27,39,6);
 Queue 1: [(28,8,1)]; Queue 2: closed; Queue 3: closed; Queue 4: [(21,10,3)]; Queue 5: [(46,11,3)];


Time: 14. Waiting clients:(39,15,4);(20,17,5);(8,18,6);(34,19,6);(22,20,6);(33,20,1);(2,23,4);(25,23,2);(41,23,2);(18,24,3);(47,24,5);(36,25,4);(38,25,5);(16,26,1);(40,26,5);(9,27,4);(1,28,3);(13,28,4);(31,29,1);(42,29,3);(49,29,6);(6,30,4);(19,30,2);(37,30,2);(26,31,6);(0,32,6);(24,32,6);(10,33,2);(30,33,1);(3,34,6);(12,34,2);(32,35,3);(45,35,3);(44,37,4);(48,37,4);(27,39,6);
 Queue 1: [(14,14,1)]; Queue 2: closed; Queue 3: closed; Queue 4: [(21,10,2)]; Queue 5: [(46,11,2)];


Time: 15. Waiting clients:(20,17,5);(8,18,6);(34,19,6);(22,20,6);(33,20,1);(2,23,4);(25,23,2);(41,23,2);(18,24,3);(47,24,5);(36,25,4);(38,25,5);(16,26,1);(40,26,5);(9,27,4);(1,28,3);(13,28,4);(31,29,1);(42,29,3);(49,29,6);(6,30,4);(19,30,2);(37,30,2);(26,31,6);(0,32,6);(24,32,6);(10,33,2);(30,33,1);(3,34,6);(12,34,2);(32,35,3);(45,35,3);(44,37,4);(48,37,4);(27,39,6);
 Queue 1: [(14,14,1)]; Queue 2: [(39,15,4)]; Queue 3: closed; Queue 4: [(21,10,1)]; Queue 5: [(46,11,1)];


Time: 16. Waiting clients:(20,17,5);(8,18,6);(34,19,6);(22,20,6);(33,20,1);(2,23,4);(25,23,2);(41,23,2);(18,24,3);(47,24,5);(36,25,4);(38,25,5);(16,26,1);(40,26,5);(9,27,4);(1,28,3);(13,28,4);(31,29,1);(42,29,3);(49,29,6);(6,30,4);(19,30,2);(37,30,2);(26,31,6);(0,32,6);(24,32,6);(10,33,2);(30,33,1);(3,34,6);(12,34,2);(32,35,3);(45,35,3);(44,37,4);(48,37,4);(27,39,6);
 Queue 1: closed; Queue 2: [(39,15,3)]; Queue 3: closed; Queue 4: closed; Queue 5: closed;


Time: 17. Waiting clients:(8,18,6);(34,19,6);(22,20,6);(33,20,1);(2,23,4);(25,23,2);(41,23,2);(18,24,3);(47,24,5);(36,25,4);(38,25,5);(16,26,1);(40,26,5);(9,27,4);(1,28,3);(13,28,4);(31,29,1);(42,29,3);(49,29,6);(6,30,4);(19,30,2);(37,30,2);(26,31,6);(0,32,6);(24,32,6);(10,33,2);(30,33,1);(3,34,6);(12,34,2);(32,35,3);(45,35,3);(44,37,4);(48,37,4);(27,39,6);
 Queue 1: [(20,17,5)]; Queue 2: [(39,15,2)]; Queue 3: closed; Queue 4: closed; Queue 5: closed;


Time: 18. Waiting clients:(34,19,6);(22,20,6);(33,20,1);(2,23,4);(25,23,2);(41,23,2);(18,24,3);(47,24,5);(36,25,4);(38,25,5);(16,26,1);(40,26,5);(9,27,4);(1,28,3);(13,28,4);(31,29,1);(42,29,3);(49,29,6);(6,30,4);(19,30,2);(37,30,2);(26,31,6);(0,32,6);(24,32,6);(10,33,2);(30,33,1);(3,34,6);(12,34,2);(32,35,3);(45,35,3);(44,37,4);(48,37,4);(27,39,6);
 Queue 1: [(20,17,4)]; Queue 2: [(39,15,1)]; Queue 3: [(8,18,6)]; Queue 4: closed; Queue 5: closed;


Time: 19. Waiting clients:(22,20,6);(33,20,1);(2,23,4);(25,23,2);(41,23,2);(18,24,3);(47,24,5);(36,25,4);(38,25,5);(16,26,1);(40,26,5);(9,27,4);(1,28,3);(13,28,4);(31,29,1);(42,29,3);(49,29,6);(6,30,4);(19,30,2);(37,30,2);(26,31,6);(0,32,6);(24,32,6);(10,33,2);(30,33,1);(3,34,6);(12,34,2);(32,35,3);(45,35,3);(44,37,4);(48,37,4);(27,39,6);
 Queue 1: [(20,17,3)]; Queue 2: [(34,19,6)]; Queue 3: [(8,18,5)]; Queue 4: closed; Queue 5: closed;


Time: 20. Waiting clients:(2,23,4);(25,23,2);(41,23,2);(18,24,3);(47,24,5);(36,25,4);(38,25,5);(16,26,1);(40,26,5);(9,27,4);(1,28,3);(13,28,4);(31,29,1);(42,29,3);(49,29,6);(6,30,4);(19,30,2);(37,30,2);(26,31,6);(0,32,6);(24,32,6);(10,33,2);(30,33,1);(3,34,6);(12,34,2);(32,35,3);(45,35,3);(44,37,4);(48,37,4);(27,39,6);
 Queue 1: [(20,17,2)]; Queue 2: [(34,19,5)]; Queue 3: [(8,18,4)]; Queue 4: [(22,20,6)]; Queue 5: [(33,20,1)];


Time: 21. Waiting clients:(2,23,4);(25,23,2);(41,23,2);(18,24,3);(47,24,5);(36,25,4);(38,25,5);(16,26,1);(40,26,5);(9,27,4);(1,28,3);(13,28,4);(31,29,1);(42,29,3);(49,29,6);(6,30,4);(19,30,2);(37,30,2);(26,31,6);(0,32,6);(24,32,6);(10,33,2);(30,33,1);(3,34,6);(12,34,2);(32,35,3);(45,35,3);(44,37,4);(48,37,4);(27,39,6);
 Queue 1: [(20,17,1)]; Queue 2: [(34,19,4)]; Queue 3: [(8,18,3)]; Queue 4: [(22,20,5)]; Queue 5: closed;


Time: 22. Waiting clients:(2,23,4);(25,23,2);(41,23,2);(18,24,3);(47,24,5);(36,25,4);(38,25,5);(16,26,1);(40,26,5);(9,27,4);(1,28,3);(13,28,4);(31,29,1);(42,29,3);(49,29,6);(6,30,4);(19,30,2);(37,30,2);(26,31,6);(0,32,6);(24,32,6);(10,33,2);(30,33,1);(3,34,6);(12,34,2);(32,35,3);(45,35,3);(44,37,4);(48,37,4);(27,39,6);
 Queue 1: closed; Queue 2: [(34,19,3)]; Queue 3: [(8,18,2)]; Queue 4: [(22,20,4)]; Queue 5: closed;


Time: 23. Waiting clients:(18,24,3);(47,24,5);(36,25,4);(38,25,5);(16,26,1);(40,26,5);(9,27,4);(1,28,3);(13,28,4);(31,29,1);(42,29,3);(49,29,6);(6,30,4);(19,30,2);(37,30,2);(26,31,6);(0,32,6);(24,32,6);(10,33,2);(30,33,1);(3,34,6);(12,34,2);(32,35,3);(45,35,3);(44,37,4);(48,37,4);(27,39,6);
 Queue 1: [(2,23,4)]; Queue 2: [(34,19,2)]; Queue 3: [(8,18,1), (41,23,2)]; Queue 4: [(22,20,3)]; Queue 5: [(25,23,2)];


Time: 24. Waiting clients:(36,25,4);(38,25,5);(16,26,1);(40,26,5);(9,27,4);(1,28,3);(13,28,4);(31,29,1);(42,29,3);(49,29,6);(6,30,4);(19,30,2);(37,30,2);(26,31,6);(0,32,6);(24,32,6);(10,33,2);(30,33,1);(3,34,6);(12,34,2);(32,35,3);(45,35,3);(44,37,4);(48,37,4);(27,39,6);
 Queue 1: [(2,23,3)]; Queue 2: [(34,19,1), (18,24,3)]; Queue 3: [(41,23,2)]; Queue 4: [(22,20,2)]; Queue 5: [(25,23,1), (47,24,5)];


Time: 25. Waiting clients:(16,26,1);(40,26,5);(9,27,4);(1,28,3);(13,28,4);(31,29,1);(42,29,3);(49,29,6);(6,30,4);(19,30,2);(37,30,2);(26,31,6);(0,32,6);(24,32,6);(10,33,2);(30,33,1);(3,34,6);(12,34,2);(32,35,3);(45,35,3);(44,37,4);(48,37,4);(27,39,6);
 Queue 1: [(2,23,2)]; Queue 2: [(18,24,3)]; Queue 3: [(41,23,1), (36,25,4)]; Queue 4: [(22,20,1), (38,25,5)]; Queue 5: [(47,24,5)];


Time: 26. Waiting clients:(9,27,4);(1,28,3);(13,28,4);(31,29,1);(42,29,3);(49,29,6);(6,30,4);(19,30,2);(37,30,2);(26,31,6);(0,32,6);(24,32,6);(10,33,2);(30,33,1);(3,34,6);(12,34,2);(32,35,3);(45,35,3);(44,37,4);(48,37,4);(27,39,6);
 Queue 1: [(2,23,1), (16,26,1), (40,26,5)]; Queue 2: [(18,24,2)]; Queue 3: [(36,25,4)]; Queue 4: [(38,25,5)]; Queue 5: [(47,24,4)];


Time: 27. Waiting clients:(1,28,3);(13,28,4);(31,29,1);(42,29,3);(49,29,6);(6,30,4);(19,30,2);(37,30,2);(26,31,6);(0,32,6);(24,32,6);(10,33,2);(30,33,1);(3,34,6);(12,34,2);(32,35,3);(45,35,3);(44,37,4);(48,37,4);(27,39,6);
 Queue 1: [(16,26,1), (40,26,5)]; Queue 2: [(18,24,1), (9,27,4)]; Queue 3: [(36,25,3)]; Queue 4: [(38,25,4)]; Queue 5: [(47,24,3)];


Time: 28. Waiting clients:(31,29,1);(42,29,3);(49,29,6);(6,30,4);(19,30,2);(37,30,2);(26,31,6);(0,32,6);(24,32,6);(10,33,2);(30,33,1);(3,34,6);(12,34,2);(32,35,3);(45,35,3);(44,37,4);(48,37,4);(27,39,6);
 Queue 1: [(40,26,5)]; Queue 2: [(9,27,4)]; Queue 3: [(36,25,2), (1,28,3)]; Queue 4: [(38,25,3)]; Queue 5: [(47,24,2), (13,28,4)];


Time: 29. Waiting clients:(6,30,4);(19,30,2);(37,30,2);(26,31,6);(0,32,6);(24,32,6);(10,33,2);(30,33,1);(3,34,6);(12,34,2);(32,35,3);(45,35,3);(44,37,4);(48,37,4);(27,39,6);
 Queue 1: [(40,26,4)]; Queue 2: [(9,27,3), (42,29,3)]; Queue 3: [(36,25,1), (1,28,3)]; Queue 4: [(38,25,2), (31,29,1), (49,29,6)]; Queue 5: [(47,24,1), (13,28,4)];


Time: 30. Waiting clients:(26,31,6);(0,32,6);(24,32,6);(10,33,2);(30,33,1);(3,34,6);(12,34,2);(32,35,3);(45,35,3);(44,37,4);(48,37,4);(27,39,6);
 Queue 1: [(40,26,3), (6,30,4)]; Queue 2: [(9,27,2), (42,29,3)]; Queue 3: [(1,28,3), (19,30,2)]; Queue 4: [(38,25,1), (31,29,1), (49,29,6)]; Queue 5: [(13,28,4), (37,30,2)];


Time: 31. Waiting clients:(0,32,6);(24,32,6);(10,33,2);(30,33,1);(3,34,6);(12,34,2);(32,35,3);(45,35,3);(44,37,4);(48,37,4);(27,39,6);
 Queue 1: [(40,26,2), (6,30,4)]; Queue 2: [(9,27,1), (42,29,3), (26,31,6)]; Queue 3: [(1,28,2), (19,30,2)]; Queue 4: [(31,29,1), (49,29,6)]; Queue 5: [(13,28,3), (37,30,2)];


Time: 32. Waiting clients:(10,33,2);(30,33,1);(3,34,6);(12,34,2);(32,35,3);(45,35,3);(44,37,4);(48,37,4);(27,39,6);
 Queue 1: [(40,26,1), (6,30,4)]; Queue 2: [(42,29,3), (26,31,6)]; Queue 3: [(1,28,1), (19,30,2), (0,32,6)]; Queue 4: [(49,29,6)]; Queue 5: [(13,28,2), (37,30,2), (24,32,6)];


Time: 33. Waiting clients:(3,34,6);(12,34,2);(32,35,3);(45,35,3);(44,37,4);(48,37,4);(27,39,6);
 Queue 1: [(6,30,4), (10,33,2)]; Queue 2: [(42,29,2), (26,31,6)]; Queue 3: [(19,30,2), (0,32,6)]; Queue 4: [(49,29,5), (30,33,1)]; Queue 5: [(13,28,1), (37,30,2), (24,32,6)];


Time: 34. Waiting clients:(32,35,3);(45,35,3);(44,37,4);(48,37,4);(27,39,6);
 Queue 1: [(6,30,3), (10,33,2), (3,34,6)]; Queue 2: [(42,29,1), (26,31,6)]; Queue 3: [(19,30,1), (0,32,6)]; Queue 4: [(49,29,4), (30,33,1), (12,34,2)]; Queue 5: [(37,30,2), (24,32,6)];


Time: 35. Waiting clients:(44,37,4);(48,37,4);(27,39,6);
 Queue 1: [(6,30,2), (10,33,2), (3,34,6)]; Queue 2: [(26,31,6), (32,35,3)]; Queue 3: [(0,32,6), (45,35,3)]; Queue 4: [(49,29,3), (30,33,1), (12,34,2)]; Queue 5: [(37,30,1), (24,32,6)];


Time: 36. Waiting clients:(44,37,4);(48,37,4);(27,39,6);
 Queue 1: [(6,30,1), (10,33,2), (3,34,6)]; Queue 2: [(26,31,5), (32,35,3)]; Queue 3: [(0,32,5), (45,35,3)]; Queue 4: [(49,29,2), (30,33,1), (12,34,2)]; Queue 5: [(24,32,6)];


Time: 37. Waiting clients:(27,39,6);
 Queue 1: [(10,33,2), (3,34,6)]; Queue 2: [(26,31,4), (32,35,3)]; Queue 3: [(0,32,4), (45,35,3)]; Queue 4: [(49,29,1), (30,33,1), (12,34,2), (44,37,4)]; Queue 5: [(24,32,5), (48,37,4)];


Time: 38. Waiting clients:(27,39,6);
 Queue 1: [(10,33,1), (3,34,6)]; Queue 2: [(26,31,3), (32,35,3)]; Queue 3: [(0,32,3), (45,35,3)]; Queue 4: [(30,33,1), (12,34,2), (44,37,4)]; Queue 5: [(24,32,4), (48,37,4)];


Time: 39. Waiting clients:
 Queue 1: [(3,34,6)]; Queue 2: [(26,31,2), (32,35,3), (27,39,6)]; Queue 3: [(0,32,2), (45,35,3)]; Queue 4: [(12,34,2), (44,37,4)]; Queue 5: [(24,32,3), (48,37,4)];


Time: 40. Waiting clients:
 Queue 1: [(3,34,5)]; Queue 2: [(26,31,1), (32,35,3), (27,39,6)]; Queue 3: [(0,32,1), (45,35,3)]; Queue 4: [(12,34,1), (44,37,4)]; Queue 5: [(24,32,2), (48,37,4)];


Time: 41. Waiting clients:
 Queue 1: [(3,34,4)]; Queue 2: [(32,35,3), (27,39,6)]; Queue 3: [(45,35,3)]; Queue 4: [(44,37,4)]; Queue 5: [(24,32,1), (48,37,4)];


Time: 42. Waiting clients:
 Queue 1: [(3,34,3)]; Queue 2: [(32,35,2), (27,39,6)]; Queue 3: [(45,35,2)]; Queue 4: [(44,37,3)]; Queue 5: [(48,37,4)];


Time: 43. Waiting clients:
 Queue 1: [(3,34,2)]; Queue 2: [(32,35,1), (27,39,6)]; Queue 3: [(45,35,1)]; Queue 4: [(44,37,2)]; Queue 5: [(48,37,3)];


Time: 44. Waiting clients:
 Queue 1: [(3,34,1)]; Queue 2: [(27,39,6)]; Queue 3: closed; Queue 4: [(44,37,1)]; Queue 5: [(48,37,2)];


Time: 45. Waiting clients:
 Queue 1: closed; Queue 2: [(27,39,5)]; Queue 3: closed; Queue 4: closed; Queue 5: [(48,37,1)];


Time: 46. Waiting clients:
 Queue 1: closed; Queue 2: [(27,39,4)]; Queue 3: closed; Queue 4: closed; Queue 5: closed;


Time: 47. Waiting clients:
 Queue 1: closed; Queue 2: [(27,39,3)]; Queue 3: closed; Queue 4: closed; Queue 5: closed;


Time: 48. Waiting clients:
 Queue 1: closed; Queue 2: [(27,39,2)]; Queue 3: closed; Queue 4: closed; Queue 5: closed;


Time: 49. Waiting clients:
 Queue 1: closed; Queue 2: [(27,39,1)]; Queue 3: closed; Queue 4: closed; Queue 5: closed;


Time: 50. Waiting clients:
 Queue 1: closed; Queue 2: closed; Queue 3: closed; Queue 4: closed; Queue 5: closed;


Average service time is: 3.82
Average waiting time is: 5.68
Peak hour is: 34
